12 ProcessL 20000000000 12
3 ProcessC 8000000000 3
17 ProcessQ 19000000000 17
8 ProcessH 27000000000 8
5 ProcessE 15000000000 5
14 ProcessN 16000000000 14
1 ProcessA 12000000000 1
19 ProcessS 13000000000 19
10 ProcessJ 10000000000 10
6 ProcessF 22000000000 6
16 ProcessP 9000000000 16
7 ProcessG 18000000000 7
11 ProcessK 35000000000 11
20 ProcessT 21000000000 20
9 ProcessI 14000000000 9
4 ProcessD 30000000000 4
15 ProcessO 28000000000 15
2 ProcessB 25000000000 2
18 ProcessR 24000000000 18
13 ProcessM 11000000000 13
